# config/location.yaml
locations:
  point_a:
    x: 0.8213521242141724
    y: -2.0245144367218018
    w: 1.0
  point_b:
    x: 0.6896161437034607
    y: 0.22630934417247772
    w: 1.0
