# config/location.yaml
locations:
  point_a:
    x: 0.9749846458435059
    y: -1.9806723594665527
    w: 1.0
  point_b:
    x: 0.49100393056869507
    y: 0.22343730926513672
    w: 1.0